# Created by Octave 3.6.4, Fri Dec 12 12:35:28 2014 EET <ilij@hp>
# name: X
# type: matrix
# rows: 105
# columns: 4
 0.1891958400100801 -0.8198232937085964 0.7602114898863946 0.525645324263698
 1.155302257082832 0.3273175090552973 1.213392705914052 1.443994060498112
 1.39682886135102 0.3273175090552973 0.5336208818725663 0.2632599710538652
 -0.4146206706603898 2.621599114583085 -1.33575163424152 -1.31105214820513
 2.242171976289678 -0.1315388120502606 1.326688009920966 1.443994060498112
 -0.1730940663922016 -1.278679614814154 0.7035638378829376 1.050416030683363
 -0.2938573685262962 -0.8198232937085964 0.2503826218552805 0.1320672944489491
 0.5514857464123619 0.5567456696080751 1.270040357917509 1.706379413707945
 0.3099591421441737 -0.5903951331558185 0.1370873178483661 0.1320672944489491
 1.034538954948738 0.09788934850251833 1.04344974990368 1.575186737103028
 0.06843253787598656 -0.1315388120502606 0.7602114898863946 0.7880306774735306
 0.9137756528146436 -0.3609669726030396 0.4769732298691088 0.1320672944489491
 0.6722490485464565 -0.5903951331558185 1.04344974990368 1.312801383893196
 -1.259963785599048 -0.1315388120502606 -1.33575163424152 -1.442244824810046
 1.034538954948738 0.5567456696080751 1.100097401907138 1.181608707288279
 1.276065559216926 0.3273175090552973 1.100097401907138 1.443994060498112
 -0.7769105770626715 2.392170954030305 -1.279103982238063 -1.442244824810046
 -0.05233076425810806 -1.049251454261375 0.1370873178483661 0.000874617844032679
 -0.5353839727944834 0.7861738301608541 -1.165808678231149 -1.31105214820513
 -1.380727087733141 0.3273175090552973 -1.392399286244977 -1.31105214820513
 -0.2938573685262962 -0.3609669726030396 -0.08950329016546252 0.1320672944489491
 -0.2938573685262962 -0.5903951331558185 0.6469161858794807 1.050416030683363
 1.155302257082832 -0.5903951331558185 0.5902685338760233 0.2632599710538652
 -0.8976738791967662 1.474458311819191 -1.279103982238063 -1.048666794995298
 -0.05233076425810806 -0.8198232937085964 0.7602114898863946 0.9192233540784467
 -1.501490389867236 0.3273175090552973 -1.33575163424152 -1.31105214820513
 1.276065559216926 0.09788934850251833 0.6469161858794807 0.3944526476587816
 1.034538954948738 0.5567456696080751 1.100097401907138 1.706379413707945
 -0.05233076425810806 -0.5903951331558185 0.7602114898863946 1.575186737103028
 -1.01843718133086 1.015601990713633 -1.392399286244977 -1.179859471600214
 2.483698580557866 1.703886472371969 1.496630965931338 1.050416030683363
 -0.1730940663922016 -0.5903951331558185 0.193734969851823 0.1320672944489491
 -0.8976738791967662 1.015601990713633 -1.33575163424152 -1.31105214820513
 -1.01843718133086 -1.737535935919712 -0.2594462461758342 -0.2615107353657999
 -0.8976738791967662 1.703886472371969 -1.052513374224234 -1.048666794995298
 -1.259963785599048 0.09788934850251833 -1.222456330234606 -1.31105214820513
 1.034538954948738 0.09788934850251833 0.5336208818725663 0.3944526476587816
 0.1891958400100801 -1.96696409647249 0.1370873178483661 -0.2615107353657999
 -1.62225369200133 -1.737535935919712 -1.392399286244977 -1.179859471600214
 1.879882069887396 -0.5903951331558185 1.326688009920966 0.9192233540784467
 -0.05233076425810806 2.162742793477527 -1.449046938248435 -1.31105214820513
 1.034538954948738 -1.278679614814154 1.156745053910595 0.7880306774735306
 1.638355465619208 0.3273175090552973 1.270040357917509 0.7880306774735306
 0.5514857464123619 -1.278679614814154 0.6469161858794807 0.3944526476587816
 0.5514857464123619 -0.8198232937085964 0.6469161858794807 0.7880306774735306
 0.5514857464123619 0.5567456696080751 0.5336208818725663 0.525645324263698
 -0.8976738791967662 1.703886472371969 -1.279103982238063 -1.179859471600214
 0.3099591421441737 -0.1315388120502606 0.6469161858794807 0.7880306774735306
 -0.5353839727944834 1.933314632924748 -1.392399286244977 -1.048666794995298
 -1.01843718133086 -0.1315388120502606 -1.222456330234606 -1.31105214820513
 -1.501490389867236 0.09788934850251833 -1.279103982238063 -1.31105214820513
 0.7930123506805501 -0.1315388120502606 0.9868020979002234 0.7880306774735306
 -1.501490389867236 0.7861738301608541 -1.33575163424152 -1.179859471600214
 -1.01843718133086 1.015601990713633 -1.222456330234606 -0.7862814417854651
 0.6722490485464565 -0.3609669726030396 0.3070302738587374 0.1320672944489491
 -0.4146206706603898 -1.508107775366933 0.02379201384145165 -0.1303180587608835
 0.4307224442782683 -0.3609669726030396 0.3070302738587374 0.1320672944489491
 -1.01843718133086 0.7861738301608541 -1.222456330234606 -1.048666794995298
 -0.05233076425810806 -0.8198232937085964 0.08043966584490886 0.000874617844032679
 -0.5353839727944834 1.933314632924748 -1.165808678231149 -1.048666794995298
 -1.259963785599048 -0.1315388120502606 -1.33575163424152 -1.179859471600214
 0.6722490485464565 -0.5903951331558185 1.04344974990368 1.181608707288279
 -1.139200483464953 -1.508107775366933 -0.2594462461758342 -0.2615107353657999
 1.638355465619208 -0.1315388120502606 1.156745053910595 0.525645324263698
 -0.4146206706603898 -1.737535935919712 0.1370873178483661 0.1320672944489491
 0.7930123506805501 -0.5903951331558185 0.4769732298691088 0.3944526476587816
 2.242171976289678 1.703886472371969 1.66657392194171 1.312801383893196
 -0.1730940663922016 -0.1315388120502606 0.2503826218552805 0.000874617844032679
 -1.01843718133086 0.5567456696080751 -1.33575163424152 -1.31105214820513
 -0.7769105770626715 1.015601990713633 -1.279103982238063 -1.31105214820513
 0.7930123506805501 -0.1315388120502606 1.156745053910595 1.312801383893196
 -1.501490389867236 1.245030151266412 -1.562342242255349 -1.31105214820513
 -0.7769105770626715 -0.8198232937085964 0.08043966584490886 0.2632599710538652
 0.1891958400100801 -0.1315388120502606 0.5902685338760233 0.7880306774735306
 -1.743016994135423 0.3273175090552973 -1.392399286244977 -1.31105214820513
 0.9137756528146436 -0.1315388120502606 0.3636779258621949 0.2632599710538652
 -0.8976738791967662 -1.278679614814154 -0.4293892021862055 -0.1303180587608835
 -1.743016994135423 -0.1315388120502606 -1.392399286244977 -1.31105214820513
 -0.8976738791967662 0.7861738301608541 -1.279103982238063 -1.31105214820513
 -0.2938573685262962 -1.278679614814154 0.08043966584490886 -0.1303180587608835
 0.06843253787598656 -0.1315388120502606 0.2503826218552805 0.3944526476587816
 -0.1730940663922016 -0.5903951331558185 0.4203255778656519 0.1320672944489491
 -1.139200483464953 0.09788934850251833 -1.279103982238063 -1.31105214820513
 0.7930123506805501 -0.1315388120502606 0.8168591418898521 1.050416030683363
 0.6722490485464565 0.3273175090552973 0.8735067938933091 1.443994060498112
 0.5514857464123619 -1.737535935919712 0.3636779258621949 0.1320672944489491
 -0.1730940663922016 3.080455435688643 -1.279103982238063 -1.048666794995298
 0.1891958400100801 -1.96696409647249 0.7035638378829376 0.3944526476587816
 -0.7769105770626715 0.7861738301608541 -1.33575163424152 -1.31105214820513
 2.242171976289678 -0.5903951331558185 1.66657392194171 1.050416030683363
 0.5514857464123619 -0.5903951331558185 0.7602114898863946 0.3944526476587816
 -1.139200483464953 0.09788934850251833 -1.279103982238063 -1.442244824810046
 -1.01843718133086 1.245030151266412 -1.33575163424152 -1.31105214820513
 1.638355465619208 1.245030151266412 1.326688009920966 1.706379413707945
 -0.6561472749285781 1.474458311819191 -1.279103982238063 -1.31105214820513
 -0.1730940663922016 -0.3609669726030396 0.2503826218552805 0.1320672944489491
 1.034538954948738 0.09788934850251833 0.3636779258621949 0.2632599710538652
 2.121408674155584 -0.1315388120502606 1.609926269938252 1.181608707288279
 0.3099591421441737 -0.1315388120502606 0.4769732298691088 0.2632599710538652
 0.1891958400100801 -0.3609669726030396 0.4203255778656519 0.3944526476587816
 -1.139200483464953 -1.278679614814154 0.4203255778656519 0.6568380008686142
 0.4307224442782683 0.7861738301608541 0.9301544458967665 1.443994060498112
 -0.8976738791967662 1.015601990713633 -1.33575163424152 -1.179859471600214
 2.242171976289678 -1.049251454261375 1.779869225948624 1.443994060498112
 0.6722490485464565 -0.8198232937085964 0.8735067938933091 0.9192233540784467


# name: X_test
# type: matrix
# rows: 45
# columns: 4
 -0.5353839727944834 1.474458311819191 -1.279103982238063 -1.31105214820513
 1.276065559216926 0.09788934850251833 0.9301544458967665 1.181608707288279
 0.5514857464123619 -0.3609669726030396 1.04344974990368 0.7880306774735306
 1.276065559216926 0.09788934850251833 0.7602114898863946 1.443994060498112
 -1.743016994135423 -0.3609669726030396 -1.33575163424152 -1.31105214820513
 -0.8976738791967662 1.703886472371969 -1.222456330234606 -1.31105214820513
 -1.01843718133086 -2.425820417578048 -0.1461509421689197 -0.2615107353657999
 0.3099591421441737 -0.5903951331558185 0.5336208818725663 0.000874617844032679
 -0.2938573685262962 -0.1315388120502606 0.193734969851823 0.1320672944489491
 -1.01843718133086 0.3273175090552973 -1.449046938248435 -1.31105214820513
 -0.4146206706603898 -1.508107775366933 -0.03285563816200531 -0.2615107353657999
 -1.380727087733141 0.3273175090552973 -1.222456330234606 -1.31105214820513
 0.6722490485464565 0.09788934850251833 0.9868020979002234 0.7880306774735306
 0.5514857464123619 0.7861738301608541 1.04344974990368 1.575186737103028
 -0.4146206706603898 -1.049251454261375 0.3636779258621949 0.000874617844032679
 -0.5353839727944834 0.7861738301608541 -1.279103982238063 -1.048666794995298
 0.4307224442782683 -1.96696409647249 0.4203255778656519 0.3944526476587816
 -0.4146206706603898 -1.278679614814154 0.1370873178483661 0.1320672944489491
 1.034538954948738 -0.1315388120502606 0.8168591418898521 1.443994060498112
 0.3099591421441737 -0.3609669726030396 0.5336208818725663 0.2632599710538652
 0.1891958400100801 0.7861738301608541 0.4203255778656519 0.525645324263698
 0.4307224442782683 -0.5903951331558185 0.5902685338760233 0.7880306774735306
 -0.1730940663922016 1.703886472371969 -1.165808678231149 -1.179859471600214
 1.034538954948738 -0.1315388120502606 0.7035638378829376 0.6568380008686142
 -0.2938573685262962 -0.1315388120502606 0.4203255778656519 0.3944526476587816
 -1.863780296269518 -0.1315388120502606 -1.505694590251891 -1.442244824810046
 0.06843253787598656 0.3273175090552973 0.5902685338760233 0.7880306774735306
 1.759118767753302 -0.3609669726030396 1.439983313927881 0.7880306774735306
 -0.4146206706603898 1.015601990713633 -1.392399286244977 -1.31105214820513
 -1.259963785599048 0.7861738301608541 -1.222456330234606 -1.31105214820513
 -0.8976738791967662 0.5567456696080751 -1.165808678231149 -0.9174741183903814
 -0.05233076425810806 -0.8198232937085964 0.7602114898863946 0.9192233540784467
 -0.05233076425810806 -0.8198232937085964 0.193734969851823 -0.2615107353657999
 -0.5353839727944834 -0.1315388120502606 0.4203255778656519 0.3944526476587816
 -1.139200483464953 1.245030151266412 -1.33575163424152 -1.442244824810046
 -1.139200483464953 -0.1315388120502606 -1.33575163424152 -1.31105214820513
 0.7930123506805501 0.3273175090552973 0.7602114898863946 1.050416030683363
 -0.1730940663922016 -1.049251454261375 -0.1461509421689197 -0.2615107353657999
 -1.259963785599048 0.7861738301608541 -1.052513374224234 -1.31105214820513
 0.5514857464123619 -1.278679614814154 0.7035638378829376 0.9192233540784467
 0.3099591421441737 -1.049251454261375 1.04344974990368 0.2632599710538652
 -1.01843718133086 0.7861738301608541 -1.279103982238063 -1.31105214820513
 0.6722490485464565 0.3273175090552973 0.4203255778656519 0.3944526476587816
 1.517592163485113 -0.1315388120502606 1.213392705914052 1.181608707288279
 1.155302257082832 -0.1315388120502606 0.9868020979002234 1.181608707288279


# name: irisDataRaw
# type: matrix
# rows: 150
# columns: 5
 5.1 3.5 1.4 0.2 1
 4.9 3 1.4 0.2 1
 4.7 3.2 1.3 0.2 1
 4.6 3.1 1.5 0.2 1
 5 3.6 1.4 0.2 1
 5.4 3.9 1.7 0.4 1
 4.6 3.4 1.4 0.3 1
 5 3.4 1.5 0.2 1
 4.4 2.9 1.4 0.2 1
 4.9 3.1 1.5 0.1 1
 5.4 3.7 1.5 0.2 1
 4.8 3.4 1.6 0.2 1
 4.8 3 1.4 0.1 1
 4.3 3 1.1 0.1 1
 5.8 4 1.2 0.2 1
 5.7 4.4 1.5 0.4 1
 5.4 3.9 1.3 0.4 1
 5.1 3.5 1.4 0.3 1
 5.7 3.8 1.7 0.3 1
 5.1 3.8 1.5 0.3 1
 5.4 3.4 1.7 0.2 1
 5.1 3.7 1.5 0.4 1
 4.6 3.6 1 0.2 1
 5.1 3.3 1.7 0.5 1
 4.8 3.4 1.9 0.2 1
 5 3 1.6 0.2 1
 5 3.4 1.6 0.4 1
 5.2 3.5 1.5 0.2 1
 5.2 3.4 1.4 0.2 1
 4.7 3.2 1.6 0.2 1
 4.8 3.1 1.6 0.2 1
 5.4 3.4 1.5 0.4 1
 5.2 4.1 1.5 0.1 1
 5.5 4.2 1.4 0.2 1
 4.9 3.1 1.5 0.2 1
 5 3.2 1.2 0.2 1
 5.5 3.5 1.3 0.2 1
 4.9 3.6 1.4 0.1 1
 4.4 3 1.3 0.2 1
 5.1 3.4 1.5 0.2 1
 5 3.5 1.3 0.3 1
 4.5 2.3 1.3 0.3 1
 4.4 3.2 1.3 0.2 1
 5 3.5 1.6 0.6 1
 5.1 3.8 1.9 0.4 1
 4.8 3 1.4 0.3 1
 5.1 3.8 1.6 0.2 1
 4.6 3.2 1.4 0.2 1
 5.3 3.7 1.5 0.2 1
 5 3.3 1.4 0.2 1
 7 3.2 4.7 1.4 2
 6.4 3.2 4.5 1.5 2
 6.9 3.1 4.9 1.5 2
 5.5 2.3 4 1.3 2
 6.5 2.8 4.6 1.5 2
 5.7 2.8 4.5 1.3 2
 6.3 3.3 4.7 1.6 2
 4.9 2.4 3.3 1 2
 6.6 2.9 4.6 1.3 2
 5.2 2.7 3.9 1.4 2
 5 2 3.5 1 2
 5.9 3 4.2 1.5 2
 6 2.2 4 1 2
 6.1 2.9 4.7 1.4 2
 5.6 2.9 3.6 1.3 2
 6.7 3.1 4.4 1.4 2
 5.6 3 4.5 1.5 2
 5.8 2.7 4.1 1 2
 6.2 2.2 4.5 1.5 2
 5.6 2.5 3.9 1.1 2
 5.9 3.2 4.8 1.8 2
 6.1 2.8 4 1.3 2
 6.3 2.5 4.9 1.5 2
 6.1 2.8 4.7 1.2 2
 6.4 2.9 4.3 1.3 2
 6.6 3 4.4 1.4 2
 6.8 2.8 4.8 1.4 2
 6.7 3 5 1.7 2
 6 2.9 4.5 1.5 2
 5.7 2.6 3.5 1 2
 5.5 2.4 3.8 1.1 2
 5.5 2.4 3.7 1 2
 5.8 2.7 3.9 1.2 2
 6 2.7 5.1 1.6 2
 5.4 3 4.5 1.5 2
 6 3.4 4.5 1.6 2
 6.7 3.1 4.7 1.5 2
 6.3 2.3 4.4 1.3 2
 5.6 3 4.1 1.3 2
 5.5 2.5 4 1.3 2
 5.5 2.6 4.4 1.2 2
 6.1 3 4.6 1.4 2
 5.8 2.6 4 1.2 2
 5 2.3 3.3 1 2
 5.6 2.7 4.2 1.3 2
 5.7 3 4.2 1.2 2
 5.7 2.9 4.2 1.3 2
 6.2 2.9 4.3 1.3 2
 5.1 2.5 3 1.1 2
 5.7 2.8 4.1 1.3 2
 6.3 3.3 6 2.5 3
 5.8 2.7 5.1 1.9 3
 7.1 3 5.9 2.1 3
 6.3 2.9 5.6 1.8 3
 6.5 3 5.8 2.2 3
 7.6 3 6.6 2.1 3
 4.9 2.5 4.5 1.7 3
 7.3 2.9 6.3 1.8 3
 6.7 2.5 5.8 1.8 3
 7.2 3.6 6.1 2.5 3
 6.5 3.2 5.1 2 3
 6.4 2.7 5.3 1.9 3
 6.8 3 5.5 2.1 3
 5.7 2.5 5 2 3
 5.8 2.8 5.1 2.4 3
 6.4 3.2 5.3 2.3 3
 6.5 3 5.5 1.8 3
 7.7 3.8 6.7 2.2 3
 7.7 2.6 6.9 2.3 3
 6 2.2 5 1.5 3
 6.9 3.2 5.7 2.3 3
 5.6 2.8 4.9 2 3
 7.7 2.8 6.7 2 3
 6.3 2.7 4.9 1.8 3
 6.7 3.3 5.7 2.1 3
 7.2 3.2 6 1.8 3
 6.2 2.8 4.8 1.8 3
 6.1 3 4.9 1.8 3
 6.4 2.8 5.6 2.1 3
 7.2 3 5.8 1.6 3
 7.4 2.8 6.1 1.9 3
 7.9 3.8 6.4 2 3
 6.4 2.8 5.6 2.2 3
 6.3 2.8 5.1 1.5 3
 6.1 2.6 5.6 1.4 3
 7.7 3 6.1 2.3 3
 6.3 3.4 5.6 2.4 3
 6.4 3.1 5.5 1.8 3
 6 3 4.8 1.8 3
 6.9 3.1 5.4 2.1 3
 6.7 3.1 5.6 2.4 3
 6.9 3.1 5.1 2.3 3
 5.8 2.7 5.1 1.9 3
 6.8 3.2 5.9 2.3 3
 6.7 3.3 5.7 2.5 3
 6.7 3 5.2 2.3 3
 6.3 2.5 5 1.9 3
 6.5 3 5.2 2 3
 6.2 3.4 5.4 2.3 3
 5.9 3 5.1 1.8 3


# name: mu
# type: matrix
# rows: 1
# columns: 4
 5.843333333333334 3.057333333333334 3.758 1.199333333333333


# name: s
# type: matrix
# rows: 1
# columns: 4
 0.8280661279778629 0.4358662849366982 1.765298233259466 0.7622376689603466


# name: y
# type: matrix
# rows: 105
# columns: 1
 2
 3
 2
 1
 3
 3
 2
 3
 2
 3
 3
 2
 3
 1
 3
 3
 1
 2
 1
 1
 2
 3
 2
 1
 3
 1
 2
 3
 3
 1
 3
 2
 1
 2
 1
 1
 2
 2
 1
 3
 1
 3
 3
 2
 3
 2
 1
 3
 1
 1
 1
 3
 1
 1
 2
 2
 2
 1
 2
 1
 1
 3
 2
 3
 2
 2
 3
 2
 1
 1
 3
 1
 2
 3
 1
 2
 2
 1
 1
 2
 2
 2
 1
 3
 3
 2
 1
 3
 1
 3
 3
 1
 1
 3
 1
 2
 2
 3
 2
 2
 3
 3
 1
 3
 3


# name: y_test
# type: matrix
# rows: 45
# columns: 1
 1
 3
 3
 3
 1
 1
 2
 2
 2
 1
 2
 1
 3
 3
 2
 1
 2
 2
 3
 2
 2
 3
 1
 2
 2
 1
 2
 3
 1
 1
 1
 3
 2
 2
 1
 1
 3
 2
 1
 3
 3
 1
 2
 3
 3


